{
 "cells": [
  {
   "cell_type": "code",
   "execution_count": 1,
   "metadata": {},
   "outputs": [],
   "source": [
    "import os\n",
    "import numpy as np\n",
    "import pandas as pd\n",
    "import matplotlib.pyplot as plt"
   ]
  },
  {
   "cell_type": "code",
   "execution_count": 23,
   "metadata": {},
   "outputs": [],
   "source": [
    "from sklearn.decomposition import PCA\n",
    "\n",
    "## Best link to understood : https://www.python-course.eu/principal_component_analysis.php"
   ]
  },
  {
   "cell_type": "code",
   "execution_count": 3,
   "metadata": {},
   "outputs": [
    {
     "data": {
      "text/plain": [
       "'C:\\\\Users\\\\91868\\\\Hari krishna\\\\Cluster analysis'"
      ]
     },
     "execution_count": 3,
     "metadata": {},
     "output_type": "execute_result"
    }
   ],
   "source": [
    "os.getcwd()"
   ]
  },
  {
   "cell_type": "code",
   "execution_count": 4,
   "metadata": {},
   "outputs": [],
   "source": [
    "os.chdir('C:\\\\Users\\\\91868\\\\Desktop\\\\Hari Data science\\\\C7-20200526T134159Z-001\\\\C7\\\\Statistics\\\\Topic 19 - Factor Analysis and PCA')"
   ]
  },
  {
   "cell_type": "code",
   "execution_count": 5,
   "metadata": {},
   "outputs": [],
   "source": [
    "data= pd.read_csv(\"bfi_data.csv\")"
   ]
  },
  {
   "cell_type": "code",
   "execution_count": 6,
   "metadata": {},
   "outputs": [
    {
     "data": {
      "text/plain": [
       "(2800, 28)"
      ]
     },
     "execution_count": 6,
     "metadata": {},
     "output_type": "execute_result"
    }
   ],
   "source": [
    "data.shape"
   ]
  },
  {
   "cell_type": "code",
   "execution_count": 7,
   "metadata": {},
   "outputs": [
    {
     "data": {
      "text/html": [
       "<div>\n",
       "<style scoped>\n",
       "    .dataframe tbody tr th:only-of-type {\n",
       "        vertical-align: middle;\n",
       "    }\n",
       "\n",
       "    .dataframe tbody tr th {\n",
       "        vertical-align: top;\n",
       "    }\n",
       "\n",
       "    .dataframe thead th {\n",
       "        text-align: right;\n",
       "    }\n",
       "</style>\n",
       "<table border=\"1\" class=\"dataframe\">\n",
       "  <thead>\n",
       "    <tr style=\"text-align: right;\">\n",
       "      <th></th>\n",
       "      <th>A1</th>\n",
       "      <th>A2</th>\n",
       "      <th>A3</th>\n",
       "      <th>A4</th>\n",
       "      <th>A5</th>\n",
       "      <th>C1</th>\n",
       "      <th>C2</th>\n",
       "      <th>C3</th>\n",
       "      <th>C4</th>\n",
       "      <th>C5</th>\n",
       "      <th>...</th>\n",
       "      <th>N4</th>\n",
       "      <th>N5</th>\n",
       "      <th>O1</th>\n",
       "      <th>O2</th>\n",
       "      <th>O3</th>\n",
       "      <th>O4</th>\n",
       "      <th>O5</th>\n",
       "      <th>gender</th>\n",
       "      <th>education</th>\n",
       "      <th>age</th>\n",
       "    </tr>\n",
       "  </thead>\n",
       "  <tbody>\n",
       "    <tr>\n",
       "      <th>0</th>\n",
       "      <td>2.0</td>\n",
       "      <td>4.0</td>\n",
       "      <td>3.0</td>\n",
       "      <td>4.0</td>\n",
       "      <td>4.0</td>\n",
       "      <td>2.0</td>\n",
       "      <td>3.0</td>\n",
       "      <td>3.0</td>\n",
       "      <td>4.0</td>\n",
       "      <td>4.0</td>\n",
       "      <td>...</td>\n",
       "      <td>2.0</td>\n",
       "      <td>3.0</td>\n",
       "      <td>3.0</td>\n",
       "      <td>6</td>\n",
       "      <td>3.0</td>\n",
       "      <td>4.0</td>\n",
       "      <td>3.0</td>\n",
       "      <td>1</td>\n",
       "      <td>NaN</td>\n",
       "      <td>16</td>\n",
       "    </tr>\n",
       "    <tr>\n",
       "      <th>1</th>\n",
       "      <td>2.0</td>\n",
       "      <td>4.0</td>\n",
       "      <td>5.0</td>\n",
       "      <td>2.0</td>\n",
       "      <td>5.0</td>\n",
       "      <td>5.0</td>\n",
       "      <td>4.0</td>\n",
       "      <td>4.0</td>\n",
       "      <td>3.0</td>\n",
       "      <td>4.0</td>\n",
       "      <td>...</td>\n",
       "      <td>5.0</td>\n",
       "      <td>5.0</td>\n",
       "      <td>4.0</td>\n",
       "      <td>2</td>\n",
       "      <td>4.0</td>\n",
       "      <td>3.0</td>\n",
       "      <td>3.0</td>\n",
       "      <td>2</td>\n",
       "      <td>NaN</td>\n",
       "      <td>18</td>\n",
       "    </tr>\n",
       "    <tr>\n",
       "      <th>2</th>\n",
       "      <td>5.0</td>\n",
       "      <td>4.0</td>\n",
       "      <td>5.0</td>\n",
       "      <td>4.0</td>\n",
       "      <td>4.0</td>\n",
       "      <td>4.0</td>\n",
       "      <td>5.0</td>\n",
       "      <td>4.0</td>\n",
       "      <td>2.0</td>\n",
       "      <td>5.0</td>\n",
       "      <td>...</td>\n",
       "      <td>2.0</td>\n",
       "      <td>3.0</td>\n",
       "      <td>4.0</td>\n",
       "      <td>2</td>\n",
       "      <td>5.0</td>\n",
       "      <td>5.0</td>\n",
       "      <td>2.0</td>\n",
       "      <td>2</td>\n",
       "      <td>NaN</td>\n",
       "      <td>17</td>\n",
       "    </tr>\n",
       "    <tr>\n",
       "      <th>3</th>\n",
       "      <td>4.0</td>\n",
       "      <td>4.0</td>\n",
       "      <td>6.0</td>\n",
       "      <td>5.0</td>\n",
       "      <td>5.0</td>\n",
       "      <td>4.0</td>\n",
       "      <td>4.0</td>\n",
       "      <td>3.0</td>\n",
       "      <td>5.0</td>\n",
       "      <td>5.0</td>\n",
       "      <td>...</td>\n",
       "      <td>4.0</td>\n",
       "      <td>1.0</td>\n",
       "      <td>3.0</td>\n",
       "      <td>3</td>\n",
       "      <td>4.0</td>\n",
       "      <td>3.0</td>\n",
       "      <td>5.0</td>\n",
       "      <td>2</td>\n",
       "      <td>NaN</td>\n",
       "      <td>17</td>\n",
       "    </tr>\n",
       "    <tr>\n",
       "      <th>4</th>\n",
       "      <td>2.0</td>\n",
       "      <td>3.0</td>\n",
       "      <td>3.0</td>\n",
       "      <td>4.0</td>\n",
       "      <td>5.0</td>\n",
       "      <td>4.0</td>\n",
       "      <td>4.0</td>\n",
       "      <td>5.0</td>\n",
       "      <td>3.0</td>\n",
       "      <td>2.0</td>\n",
       "      <td>...</td>\n",
       "      <td>4.0</td>\n",
       "      <td>3.0</td>\n",
       "      <td>3.0</td>\n",
       "      <td>3</td>\n",
       "      <td>4.0</td>\n",
       "      <td>3.0</td>\n",
       "      <td>3.0</td>\n",
       "      <td>1</td>\n",
       "      <td>NaN</td>\n",
       "      <td>17</td>\n",
       "    </tr>\n",
       "  </tbody>\n",
       "</table>\n",
       "<p>5 rows × 28 columns</p>\n",
       "</div>"
      ],
      "text/plain": [
       "    A1   A2   A3   A4   A5   C1   C2   C3   C4   C5  ...   N4   N5   O1  O2  \\\n",
       "0  2.0  4.0  3.0  4.0  4.0  2.0  3.0  3.0  4.0  4.0  ...  2.0  3.0  3.0   6   \n",
       "1  2.0  4.0  5.0  2.0  5.0  5.0  4.0  4.0  3.0  4.0  ...  5.0  5.0  4.0   2   \n",
       "2  5.0  4.0  5.0  4.0  4.0  4.0  5.0  4.0  2.0  5.0  ...  2.0  3.0  4.0   2   \n",
       "3  4.0  4.0  6.0  5.0  5.0  4.0  4.0  3.0  5.0  5.0  ...  4.0  1.0  3.0   3   \n",
       "4  2.0  3.0  3.0  4.0  5.0  4.0  4.0  5.0  3.0  2.0  ...  4.0  3.0  3.0   3   \n",
       "\n",
       "    O3   O4   O5  gender  education  age  \n",
       "0  3.0  4.0  3.0       1        NaN   16  \n",
       "1  4.0  3.0  3.0       2        NaN   18  \n",
       "2  5.0  5.0  2.0       2        NaN   17  \n",
       "3  4.0  3.0  5.0       2        NaN   17  \n",
       "4  4.0  3.0  3.0       1        NaN   17  \n",
       "\n",
       "[5 rows x 28 columns]"
      ]
     },
     "execution_count": 7,
     "metadata": {},
     "output_type": "execute_result"
    }
   ],
   "source": [
    "data.head()"
   ]
  },
  {
   "cell_type": "code",
   "execution_count": 8,
   "metadata": {},
   "outputs": [
    {
     "name": "stdout",
     "output_type": "stream",
     "text": [
      "<class 'pandas.core.frame.DataFrame'>\n",
      "RangeIndex: 2800 entries, 0 to 2799\n",
      "Data columns (total 28 columns):\n",
      "A1           2784 non-null float64\n",
      "A2           2773 non-null float64\n",
      "A3           2774 non-null float64\n",
      "A4           2781 non-null float64\n",
      "A5           2784 non-null float64\n",
      "C1           2779 non-null float64\n",
      "C2           2776 non-null float64\n",
      "C3           2780 non-null float64\n",
      "C4           2774 non-null float64\n",
      "C5           2784 non-null float64\n",
      "E1           2777 non-null float64\n",
      "E2           2784 non-null float64\n",
      "E3           2775 non-null float64\n",
      "E4           2791 non-null float64\n",
      "E5           2779 non-null float64\n",
      "N1           2778 non-null float64\n",
      "N2           2779 non-null float64\n",
      "N3           2789 non-null float64\n",
      "N4           2764 non-null float64\n",
      "N5           2771 non-null float64\n",
      "O1           2778 non-null float64\n",
      "O2           2800 non-null int64\n",
      "O3           2772 non-null float64\n",
      "O4           2786 non-null float64\n",
      "O5           2780 non-null float64\n",
      "gender       2800 non-null int64\n",
      "education    2577 non-null float64\n",
      "age          2800 non-null int64\n",
      "dtypes: float64(25), int64(3)\n",
      "memory usage: 612.6 KB\n"
     ]
    }
   ],
   "source": [
    "data.info()"
   ]
  },
  {
   "cell_type": "code",
   "execution_count": 9,
   "metadata": {},
   "outputs": [],
   "source": [
    "data.drop(['education'],axis=1,inplace=True)\n",
    "data.dropna(inplace=True)"
   ]
  },
  {
   "cell_type": "code",
   "execution_count": 13,
   "metadata": {},
   "outputs": [],
   "source": [
    "cov_mat = np.cov(data.T)"
   ]
  },
  {
   "cell_type": "code",
   "execution_count": 16,
   "metadata": {},
   "outputs": [
    {
     "name": "stdout",
     "output_type": "stream",
     "text": [
      "[[ 1.98014788e+00 -5.82437968e-01 -5.04943304e-01 -3.27608460e-01\n",
      "  -3.44590890e-01  2.55479916e-02  2.39801337e-02 -3.74050434e-02\n",
      "   2.22926129e-01  8.79790817e-02  2.46050515e-01  1.99668221e-01\n",
      "  -9.30417455e-02 -1.44056807e-01 -3.81505346e-02  3.73173446e-01\n",
      "   3.01652826e-01  2.07267780e-01  9.30771487e-02  3.46810168e-02\n",
      "   9.16640536e-03  1.44607075e-01 -1.08180172e-01 -1.51964880e-01\n",
      "   1.84758398e-01 -1.04248389e-01 -2.39464703e+00]\n",
      " [-5.82437968e-01  1.39130227e+00  7.78098542e-01  6.14651211e-01\n",
      "   5.95686199e-01  1.50049396e-01  2.01614725e-01  2.87573125e-01\n",
      "  -2.37561492e-01 -2.33232181e-01 -4.27739284e-01 -4.62731175e-01\n",
      "   4.06691550e-01  5.14160286e-01  4.66142699e-01 -1.74037959e-01\n",
      "  -9.12854075e-02 -7.60053678e-02 -1.60584727e-01  3.77020935e-02\n",
      "   1.66951578e-01  2.55672105e-02  2.35014144e-01  1.16259529e-01\n",
      "  -1.26247290e-01  1.04621303e-01  1.48948996e+00]\n",
      " [-5.04943304e-01  7.78098542e-01  1.71965285e+00  7.49681877e-01\n",
      "   8.59366181e-01  1.85006221e-01  2.53445747e-01  2.19088417e-01\n",
      "  -2.18653463e-01 -3.29321977e-01 -4.50052093e-01 -6.17677345e-01\n",
      "   6.79155582e-01  7.45737955e-01  4.46491539e-01 -1.72074933e-01\n",
      "  -1.85928728e-01 -8.18856779e-02 -2.61630977e-01 -8.54634285e-02\n",
      "   2.21735568e-01  1.34147945e-02  3.57708298e-01  5.04850244e-02\n",
      "  -7.24896572e-02  8.73964455e-02  9.52800397e-01]\n",
      " [-3.27608460e-01  6.14651211e-01  7.49681877e-01  2.20585856e+00\n",
      "   6.14625923e-01  1.73945068e-01  4.43673272e-01  2.55179663e-01\n",
      "  -3.52238159e-01 -6.05447210e-01 -3.23714441e-01 -5.03301268e-01\n",
      "   4.10319877e-01  6.94927221e-01  3.36920862e-01 -2.49609216e-01\n",
      "  -3.53620909e-01 -1.74997387e-01 -3.99173756e-01 -3.64960230e-02\n",
      "   9.55017651e-02  8.70960237e-02  1.27058530e-01 -8.82366825e-02\n",
      "   5.36993017e-02  8.60452217e-02  2.29706625e+00]\n",
      " [-3.44590890e-01  5.95686199e-01  8.59366181e-01  6.14625923e-01\n",
      "   1.61494354e+00  2.11435585e-01  1.95906711e-01  2.14657617e-01\n",
      "  -2.19616094e-01 -3.46578192e-01 -5.23095390e-01 -6.94193531e-01\n",
      "   7.07455249e-01  8.99655071e-01  4.58552243e-01 -4.10077449e-01\n",
      "  -3.87421396e-01 -2.80616893e-01 -4.29549232e-01 -1.67948264e-01\n",
      "   2.32789472e-01 -1.37910804e-02  3.64808502e-01  1.72154169e-02\n",
      "  -8.48841640e-02  6.01760721e-02  1.86286672e+00]\n",
      " [ 2.55479916e-02  1.50049396e-01  1.85006221e-01  1.73945068e-01\n",
      "   2.11435585e-01  1.52586139e+00  7.14081218e-01  5.06034904e-01\n",
      "  -6.16439412e-01 -5.26552601e-01 -6.14775628e-02 -2.12901616e-01\n",
      "   2.25031441e-01  2.77642346e-01  4.44419269e-01 -1.40069559e-01\n",
      "  -7.23107865e-02 -5.01837597e-02 -1.90080180e-01 -9.62000519e-02\n",
      "   2.49453273e-01 -2.47954198e-01  2.92630394e-01  1.47662206e-01\n",
      "  -2.13386809e-01  6.01973141e-03  1.30593122e+00]\n",
      " [ 2.39801337e-02  2.01614725e-01  2.53445747e-01  4.43673272e-01\n",
      "   1.95906711e-01  7.14081218e-01  1.74016228e+00  6.17998166e-01\n",
      "  -7.19323259e-01 -6.54368423e-01  3.66986645e-02 -1.60162922e-01\n",
      "   2.72750967e-01  2.37847078e-01  4.56895372e-01 -4.14745619e-02\n",
      "  -1.12978492e-02  6.70824019e-03 -9.18108927e-02  1.09676886e-01\n",
      "   2.39336037e-01 -1.17474029e-01  3.06334483e-01  7.46465576e-02\n",
      "  -1.16305048e-01  3.89022634e-02  2.86544407e-01]\n",
      " [-3.74050434e-02  2.87573125e-01  2.19088417e-01  2.55179663e-01\n",
      "   2.14657617e-01  5.06034904e-01  6.17998166e-01  1.66720328e+00\n",
      "  -6.36061575e-01 -7.39860848e-01 -1.90536882e-02 -1.85967503e-01\n",
      "   1.61561856e-01  1.88549580e-01  3.59885766e-01 -1.60939939e-01\n",
      "  -1.32403914e-01 -1.59402427e-01 -2.47614159e-01 -4.92789540e-02\n",
      "   1.32582110e-01 -5.93580886e-02  9.16262901e-02  1.75010031e-02\n",
      "  -4.80236561e-03  3.06226250e-02  9.40815219e-01]\n",
      " [ 2.22926129e-01 -2.37561492e-01 -2.18653463e-01 -3.52238159e-01\n",
      "  -2.19616094e-01 -6.16439412e-01 -7.19323259e-01 -6.36061575e-01\n",
      "   1.89527299e+00  1.09589103e+00  2.21183952e-01  4.61734489e-01\n",
      "  -1.57335721e-01 -2.27298935e-01 -4.34614931e-01  4.68297745e-01\n",
      "   3.34235779e-01  4.43256525e-01  5.84809817e-01  4.40442305e-01\n",
      "  -1.45112835e-01  4.44824552e-01 -1.37757727e-01  8.70801765e-02\n",
      "   3.45492830e-01 -4.53857773e-02 -2.18749085e+00]\n",
      " [ 8.79790817e-02 -2.33232181e-01 -3.29321977e-01 -6.05447210e-01\n",
      "  -3.46578192e-01 -5.26552601e-01 -6.54368423e-01 -7.39860848e-01\n",
      "   1.09589103e+00  2.66577299e+00  1.80247688e-01  7.01851421e-01\n",
      "  -3.60319708e-01 -4.96347397e-01 -5.15051099e-01  5.56837209e-01\n",
      "   6.16570572e-01  6.29039594e-01  9.08922460e-01  4.74500224e-01\n",
      "  -1.57512062e-01  3.10832381e-01 -1.45868104e-01  2.63926456e-01\n",
      "   1.20633684e-01 -6.07012202e-02 -1.49616465e+00]\n",
      " [ 2.46050515e-01 -4.27739284e-01 -4.50052093e-01 -3.23714441e-01\n",
      "  -5.23095390e-01 -6.14775628e-02  3.66986645e-02 -1.90536882e-02\n",
      "   2.21183952e-01  1.80247688e-01  2.66155646e+00  1.23491839e+00\n",
      "  -7.11216085e-01 -1.00441023e+00 -6.73379122e-01  3.82240385e-02\n",
      "   5.04796296e-02  1.42372287e-01  6.01857827e-01  1.43123510e-01\n",
      "  -1.92087881e-01  1.25094830e-01 -4.26942205e-01  1.83620100e-01\n",
      "   1.91941548e-01 -9.53527343e-02 -7.24071845e-01]\n",
      " [ 1.99668221e-01 -4.62731175e-01 -6.17677345e-01 -5.03301268e-01\n",
      "  -6.94193531e-01 -2.12901616e-01 -1.60162922e-01 -1.85967503e-01\n",
      "   4.61734489e-01  7.01851421e-01  1.23491839e+00  2.60450262e+00\n",
      "  -8.41123058e-01 -1.24794004e+00 -8.31187897e-01  4.48109298e-01\n",
      "   5.11031988e-01  4.97975272e-01  8.89899286e-01  6.79591211e-01\n",
      "  -2.88137891e-01  1.98990502e-01 -4.62492456e-01  3.31043924e-01\n",
      "   1.74016717e-01 -4.17852675e-02 -2.07313838e+00]\n",
      " [-9.30417455e-02  4.06691550e-01  6.79155582e-01  4.10319877e-01\n",
      "   7.07455249e-01  2.25031441e-01  2.72750967e-01  1.61561856e-01\n",
      "  -1.57335721e-01 -3.60319708e-01 -7.11216085e-01 -8.41123058e-01\n",
      "   1.82727196e+00  8.27325234e-01  7.09589558e-01 -9.94402916e-02\n",
      "  -1.24159847e-01 -3.59208046e-02 -3.11010071e-01 -1.74575751e-01\n",
      "   4.99748131e-01 -1.55228047e-01  6.62052107e-01  8.50763530e-02\n",
      "  -2.20199405e-01  2.72864594e-02 -2.18319998e-02]\n",
      " [-1.44056807e-01  5.14160286e-01  7.45737955e-01  6.94927221e-01\n",
      "   8.99655071e-01  2.77642346e-01  2.37847078e-01  1.88549580e-01\n",
      "  -2.27298935e-01 -4.96347397e-01 -1.00441023e+00 -1.24794004e+00\n",
      "   8.27325234e-01  2.15226631e+00  6.37272534e-01 -3.31821446e-01\n",
      "  -3.42333175e-01 -2.86920019e-01 -7.05778821e-01 -2.46562345e-01\n",
      "   2.27697474e-01  1.13761746e-01  3.80649599e-01 -1.73957374e-01\n",
      "   9.20221321e-02  5.75515117e-02 -7.49132621e-02]\n",
      " [-3.81505346e-02  4.66142699e-01  4.46491539e-01  3.36920862e-01\n",
      "   4.58552243e-01  4.44419269e-01  4.56895372e-01  3.59885766e-01\n",
      "  -4.34614931e-01 -5.15051099e-01 -6.73379122e-01 -8.31187897e-01\n",
      "   7.09589558e-01  6.37272534e-01  1.80449857e+00  7.20904435e-02\n",
      "   8.01623829e-02 -1.39946659e-01 -4.36824093e-01 -3.09504591e-01\n",
      "   4.40331374e-01 -1.76534731e-01  4.94734358e-01 -1.59078572e-03\n",
      "  -2.01354764e-01  4.45986452e-02  1.56093370e+00]\n",
      " [ 3.73173446e-01 -1.74037959e-01 -1.72074933e-01 -2.49609216e-01\n",
      "  -4.10077449e-01 -1.40069559e-01 -4.14745619e-02 -1.60939939e-01\n",
      "   4.68297745e-01  5.56837209e-01  3.82240385e-02  4.48109298e-01\n",
      "  -9.94402916e-02 -3.31821446e-01  7.20904435e-02  2.48348877e+00\n",
      "   1.73549007e+00  1.42577542e+00  1.01385059e+00  9.73742595e-01\n",
      "  -9.10247722e-02  3.30927262e-01 -7.44810053e-02  1.48157851e-01\n",
      "   2.21447959e-01  3.27420992e-02 -1.53070405e+00]\n",
      " [ 3.01652826e-01 -9.12854075e-02 -1.85928728e-01 -3.53620909e-01\n",
      "  -3.87421396e-01 -7.23107865e-02 -1.12978492e-02 -1.32403914e-01\n",
      "   3.34235779e-01  6.16570572e-01  5.04796296e-02  5.11031988e-01\n",
      "  -1.24159847e-01 -3.42333175e-01  8.01623829e-02  1.73549007e+00\n",
      "   2.35081765e+00  1.34490530e+00  9.50224895e-01  8.73197385e-01\n",
      "  -7.43124184e-02  2.78668029e-01 -5.47624105e-02  2.39512379e-01\n",
      "   4.96269173e-02  7.58561684e-02 -1.70912224e+00]\n",
      " [ 2.07267780e-01 -7.60053678e-02 -8.18856779e-02 -1.74997387e-01\n",
      "  -2.80616893e-01 -5.01837597e-02  6.70824019e-03 -1.59402427e-01\n",
      "   4.43256525e-01  6.29039594e-01  1.42372287e-01  4.97975272e-01\n",
      "  -3.59208046e-02 -2.86920019e-01 -1.39946659e-01  1.42577542e+00\n",
      "   1.34490530e+00  2.54298645e+00  1.30977315e+00  1.11487408e+00\n",
      "  -7.12960621e-02  2.58091664e-01 -5.42526038e-02  3.15346126e-01\n",
      "   1.19328822e-01  9.39472256e-02 -1.95661923e+00]\n",
      " [ 9.30771487e-02 -1.60584727e-01 -2.61630977e-01 -3.99173756e-01\n",
      "  -4.29549232e-01 -1.90080180e-01 -9.18108927e-02 -2.47614159e-01\n",
      "   5.84809817e-01  9.08922460e-01  6.01857827e-01  8.89899286e-01\n",
      "  -3.11010071e-01 -7.05778821e-01 -4.36824093e-01  1.01385059e+00\n",
      "   9.50224895e-01  1.30977315e+00  2.46374792e+00  1.02676249e+00\n",
      "  -8.61249633e-02  1.80463479e-01 -1.19018285e-01  4.12251882e-01\n",
      "   7.42837587e-02  3.76454483e-04 -4.66255989e-01]\n",
      " [ 3.46810168e-02  3.77020935e-02 -8.54634285e-02 -3.64960230e-02\n",
      "  -1.67948264e-01 -9.62000519e-02  1.09676886e-01 -4.92789540e-02\n",
      "   4.40442305e-01  4.74500224e-01  1.43123510e-01  6.79591211e-01\n",
      "  -1.74575751e-01 -2.46562345e-01 -3.09504591e-01  9.73742595e-01\n",
      "   8.73197385e-01  1.11487408e+00  1.02676249e+00  2.63572423e+00\n",
      "  -2.36182114e-01  4.71018905e-01 -1.57497227e-01  2.15922018e-01\n",
      "   2.97255069e-01  1.63806085e-01 -1.78347849e+00]\n",
      " [ 9.16640536e-03  1.66951578e-01  2.21735568e-01  9.55017651e-02\n",
      "   2.32789472e-01  2.49453273e-01  2.39336037e-01  1.32582110e-01\n",
      "  -1.45112835e-01 -1.57512062e-01 -1.92087881e-01 -2.88137891e-01\n",
      "   4.99748131e-01  2.27697474e-01  4.40331374e-01 -9.10247722e-02\n",
      "  -7.43124184e-02 -7.12960621e-02 -8.61249633e-02 -2.36182114e-01\n",
      "   1.26925684e+00 -4.03188315e-01  5.33536986e-01  2.37754018e-01\n",
      "  -3.67649528e-01 -5.85994477e-02  6.15223394e-01]\n",
      " [ 1.44607075e-01  2.55672105e-02  1.34147945e-02  8.70960237e-02\n",
      "  -1.37910804e-02 -2.47954198e-01 -1.17474029e-01 -5.93580886e-02\n",
      "   4.44824552e-01  3.10832381e-01  1.25094830e-01  1.98990502e-01\n",
      "  -1.55228047e-01  1.13761746e-01 -1.76534731e-01  3.30927262e-01\n",
      "   2.78668029e-01  2.58091664e-01  1.80463479e-01  4.71018905e-01\n",
      "  -4.03188315e-01  2.41144637e+00 -5.30785649e-01 -1.38554132e-01\n",
      "   6.73938156e-01  3.17071444e-02 -5.66168661e-01]\n",
      " [-1.08180172e-01  2.35014144e-01  3.57708298e-01  1.27058530e-01\n",
      "   3.64808502e-01  2.92630394e-01  3.06334483e-01  9.16262901e-02\n",
      "  -1.37757727e-01 -1.45868104e-01 -4.26942205e-01 -4.62492456e-01\n",
      "   6.62052107e-01  3.80649599e-01  4.94734358e-01 -7.44810053e-02\n",
      "  -5.47624105e-02 -5.42526038e-02 -1.19018285e-01 -1.57497227e-01\n",
      "   5.33536986e-01 -5.30785649e-01  1.45252155e+00  2.64429182e-01\n",
      "  -4.94786957e-01 -2.37437749e-02  6.02511270e-01]\n",
      " [-1.51964880e-01  1.16259529e-01  5.04850244e-02 -8.82366825e-02\n",
      "   1.72154169e-02  1.47662206e-01  7.46465576e-02  1.75010031e-02\n",
      "   8.70801765e-02  2.63926456e-01  1.83620100e-01  3.31043924e-01\n",
      "   8.50763530e-02 -1.73957374e-01 -1.59078572e-03  1.48157851e-01\n",
      "   2.39512379e-01  3.15346126e-01  4.12251882e-01  2.15922018e-01\n",
      "   2.37754018e-01 -1.38554132e-01  2.64429182e-01  1.42357384e+00\n",
      "  -2.87752838e-01 -1.03259459e-02  3.05789610e-01]\n",
      " [ 1.84758398e-01 -1.26247290e-01 -7.24896572e-02  5.36993017e-02\n",
      "  -8.48841640e-02 -2.13386809e-01 -1.16305048e-01 -4.80236561e-03\n",
      "   3.45492830e-01  1.20633684e-01  1.91941548e-01  1.74016717e-01\n",
      "  -2.20199405e-01  9.20221321e-02 -2.01354764e-01  2.21447959e-01\n",
      "   4.96269173e-02  1.19328822e-01  7.42837587e-02  2.97255069e-01\n",
      "  -3.67649528e-01  6.73938156e-01 -4.94786957e-01 -2.87752838e-01\n",
      "   1.75303035e+00  2.47987916e-02 -1.33770917e+00]\n",
      " [-1.04248389e-01  1.04621303e-01  8.73964455e-02  8.60452217e-02\n",
      "   6.01760721e-02  6.01973141e-03  3.89022634e-02  3.06226250e-02\n",
      "  -4.53857773e-02 -6.07012202e-02 -9.53527343e-02 -4.17852675e-02\n",
      "   2.72864594e-02  5.75515117e-02  4.45986452e-02  3.27420992e-02\n",
      "   7.58561684e-02  9.39472256e-02  3.76454483e-04  1.63806085e-01\n",
      "  -5.85994477e-02  3.17071444e-02 -2.37437749e-02 -1.03259459e-02\n",
      "   2.47987916e-02  2.21346975e-01  2.09299252e-01]\n",
      " [-2.39464703e+00  1.48948996e+00  9.52800397e-01  2.29706625e+00\n",
      "   1.86286672e+00  1.30593122e+00  2.86544407e-01  9.40815219e-01\n",
      "  -2.18749085e+00 -1.49616465e+00 -7.24071845e-01 -2.07313838e+00\n",
      "  -2.18319998e-02 -7.49132621e-02  1.56093370e+00 -1.53070405e+00\n",
      "  -1.70912224e+00 -1.95661923e+00 -4.66255989e-01 -1.78347849e+00\n",
      "   6.15223394e-01 -5.66168661e-01  6.02511270e-01  3.05789610e-01\n",
      "  -1.33770917e+00  2.09299252e-01  1.20171418e+02]]\n"
     ]
    }
   ],
   "source": [
    "print(cov_mat)"
   ]
  },
  {
   "cell_type": "code",
   "execution_count": 17,
   "metadata": {},
   "outputs": [],
   "source": [
    "eigval,eigvec = np.linalg.eig(cov_mat)"
   ]
  },
  {
   "cell_type": "code",
   "execution_count": 18,
   "metadata": {},
   "outputs": [
    {
     "data": {
      "text/plain": [
       "array([120.61715374,  10.52184405,   6.01960405,   4.11171925,\n",
       "         3.54604451,   3.03950218,   2.1137044 ,   0.18509268,\n",
       "         1.79610294,   1.73308197,   1.47474219,   1.41716857,\n",
       "         1.33992216,   0.61094267,   1.1996019 ,   1.18154606,\n",
       "         0.67504557,   1.12563548,   0.73422473,   0.73833651,\n",
       "         1.07664104,   0.80634456,   0.82863079,   0.87616142,\n",
       "         0.90865351,   0.98544475,   0.97274102])"
      ]
     },
     "execution_count": 18,
     "metadata": {},
     "output_type": "execute_result"
    }
   ],
   "source": [
    "eigval"
   ]
  },
  {
   "cell_type": "code",
   "execution_count": 20,
   "metadata": {},
   "outputs": [
    {
     "name": "stdout",
     "output_type": "stream",
     "text": [
      "[ 70.68696721  76.85323148  80.38098472  82.79063338  84.86877173\n",
      "  86.65005394  87.88877786  87.99725033  89.0498458   90.06550821\n",
      "  90.92977212  91.76029535  92.54554877  92.9035881   93.60660767\n",
      "  94.29904573  94.69465218  95.35432418  95.78461222  96.21730995\n",
      "  96.84826905  97.32082249  97.80643665  98.31990585  98.85241685\n",
      "  99.42993089 100.        ]\n"
     ]
    }
   ],
   "source": [
    "print(np.cumsum([i*(100/sum(eigval)) for i in eigval]))"
   ]
  },
  {
   "cell_type": "code",
   "execution_count": 25,
   "metadata": {},
   "outputs": [],
   "source": [
    "PC = eigvec.T[0:5]"
   ]
  },
  {
   "cell_type": "code",
   "execution_count": 27,
   "metadata": {},
   "outputs": [
    {
     "data": {
      "text/plain": [
       "array([[-2.06033354e-02,  8.54209186e-02, -3.37042989e-02,\n",
       "         7.30142827e-02,  2.22735901e-02],\n",
       "       [ 1.31512478e-02, -1.39492745e-01,  1.80039223e-01,\n",
       "        -4.53274408e-02, -9.10799688e-02],\n",
       "       [ 8.82590955e-03, -1.86404944e-01,  2.16282260e-01,\n",
       "        -8.61999387e-02, -1.02187759e-01],\n",
       "       [ 2.00672456e-02, -1.83180130e-01,  1.50537031e-01,\n",
       "        -2.48124121e-02, -3.20627303e-01],\n",
       "       [ 1.64498032e-02, -2.07305281e-01,  1.56601974e-01,\n",
       "        -1.20312640e-01, -6.39860121e-02],\n",
       "       [ 1.14477655e-02, -1.11540162e-01,  8.52109351e-02,\n",
       "         3.15730579e-01, -3.30684584e-02],\n",
       "       [ 2.96680786e-03, -1.14239760e-01,  1.28488514e-01,\n",
       "         3.78275270e-01, -1.68033868e-01],\n",
       "       [ 8.43845040e-03, -1.17244423e-01,  5.54801549e-02,\n",
       "         2.99054879e-01, -2.06942016e-01],\n",
       "       [-1.92613001e-02,  1.97898319e-01,  1.80442334e-02,\n",
       "        -3.65373314e-01,  9.41812966e-02],\n",
       "       [-1.37411937e-02,  2.76022965e-01,  3.78670826e-02,\n",
       "        -3.51420133e-01,  2.74043785e-01],\n",
       "       [-6.85277339e-03,  2.21327442e-01, -2.52847182e-01,\n",
       "         2.99521146e-01, -1.95211024e-01],\n",
       "       [-1.86002802e-02,  3.24838383e-01, -1.54616556e-01,\n",
       "         2.11596420e-01, -1.02358968e-01],\n",
       "       [ 6.16213184e-04, -2.04781829e-01,  2.45104145e-01,\n",
       "        -5.53848868e-02,  1.36886484e-01],\n",
       "       [ 4.24806518e-04, -2.76149266e-01,  2.15123898e-01,\n",
       "        -2.25708151e-01, -8.62020461e-02],\n",
       "       [ 1.38425066e-02, -1.93108643e-01,  2.22583387e-01,\n",
       "         8.50732059e-02,  8.95751089e-02],\n",
       "       [-1.40159639e-02,  2.60981318e-01,  3.79631394e-01,\n",
       "         5.54931111e-02,  1.46394870e-02],\n",
       "       [-1.54130947e-02,  2.48786040e-01,  3.57974367e-01,\n",
       "         9.11834976e-02,  6.13181584e-02],\n",
       "       [-1.74977390e-02,  2.58899955e-01,  3.87499214e-01,\n",
       "         7.78997264e-02,  6.45988672e-03],\n",
       "       [-5.18253805e-03,  3.17069346e-01,  2.05447439e-01,\n",
       "         9.00272877e-02,  5.72106894e-02],\n",
       "       [-1.59176277e-02,  2.29337620e-01,  2.97150084e-01,\n",
       "         2.99948721e-02, -2.48414229e-01],\n",
       "       [ 5.56571834e-03, -9.63070821e-02,  9.42007782e-02,\n",
       "         1.15710303e-01,  2.32065419e-01],\n",
       "       [-5.28586776e-03,  1.04327790e-01,  6.58758656e-02,\n",
       "        -2.92467800e-01, -5.00828057e-01],\n",
       "       [ 5.58101264e-03, -1.26904444e-01,  1.53817403e-01,\n",
       "         9.15987787e-02,  2.98243004e-01],\n",
       "       [ 2.41701625e-03,  5.50689762e-02,  9.10723481e-02,\n",
       "         1.25098754e-01,  1.54312999e-01],\n",
       "       [-1.16112035e-02,  7.13943441e-02, -1.64005375e-02,\n",
       "        -1.88690952e-01, -3.82983980e-01],\n",
       "       [ 1.77178980e-03, -5.20055467e-03,  4.21004118e-02,\n",
       "        -4.85408520e-03, -4.29878787e-02],\n",
       "       [ 9.98018586e-01,  5.29330119e-02,  2.44148462e-03,\n",
       "        -9.56228630e-03,  9.79526712e-04]])"
      ]
     },
     "execution_count": 27,
     "metadata": {},
     "output_type": "execute_result"
    }
   ],
   "source": [
    "PC.T"
   ]
  },
  {
   "cell_type": "code",
   "execution_count": 29,
   "metadata": {},
   "outputs": [],
   "source": [
    "data_transformed = np.dot(data,PC.T)"
   ]
  },
  {
   "cell_type": "code",
   "execution_count": 31,
   "metadata": {},
   "outputs": [
    {
     "data": {
      "text/plain": [
       "(2436, 5)"
      ]
     },
     "execution_count": 31,
     "metadata": {},
     "output_type": "execute_result"
    }
   ],
   "source": [
    "data_transformed.shape"
   ]
  },
  {
   "cell_type": "code",
   "execution_count": 32,
   "metadata": {},
   "outputs": [],
   "source": [
    "PCA_model = PCA(n_components=5,random_state=42)"
   ]
  },
  {
   "cell_type": "code",
   "execution_count": 35,
   "metadata": {},
   "outputs": [],
   "source": [
    "data_transformed1 = PCA_model.fit_transform(data)"
   ]
  },
  {
   "cell_type": "code",
   "execution_count": 36,
   "metadata": {},
   "outputs": [
    {
     "data": {
      "text/plain": [
       "(2436, 5)"
      ]
     },
     "execution_count": 36,
     "metadata": {},
     "output_type": "execute_result"
    }
   ],
   "source": [
    "data_transformed1.shape"
   ]
  },
  {
   "cell_type": "code",
   "execution_count": 39,
   "metadata": {},
   "outputs": [],
   "source": [
    "data_transformed = pd.DataFrame(data_transformed)\n",
    "data_transformed1 = pd.DataFrame(data_transformed1)"
   ]
  },
  {
   "cell_type": "code",
   "execution_count": 40,
   "metadata": {},
   "outputs": [
    {
     "data": {
      "text/html": [
       "<div>\n",
       "<style scoped>\n",
       "    .dataframe tbody tr th:only-of-type {\n",
       "        vertical-align: middle;\n",
       "    }\n",
       "\n",
       "    .dataframe tbody tr th {\n",
       "        vertical-align: top;\n",
       "    }\n",
       "\n",
       "    .dataframe thead th {\n",
       "        text-align: right;\n",
       "    }\n",
       "</style>\n",
       "<table border=\"1\" class=\"dataframe\">\n",
       "  <thead>\n",
       "    <tr style=\"text-align: right;\">\n",
       "      <th></th>\n",
       "      <th>0</th>\n",
       "      <th>1</th>\n",
       "      <th>2</th>\n",
       "      <th>3</th>\n",
       "      <th>4</th>\n",
       "    </tr>\n",
       "  </thead>\n",
       "  <tbody>\n",
       "    <tr>\n",
       "      <th>0</th>\n",
       "      <td>15.841419</td>\n",
       "      <td>2.467545</td>\n",
       "      <td>10.923571</td>\n",
       "      <td>-0.672801</td>\n",
       "      <td>-4.653281</td>\n",
       "    </tr>\n",
       "    <tr>\n",
       "      <th>1</th>\n",
       "      <td>17.917523</td>\n",
       "      <td>0.801290</td>\n",
       "      <td>14.141471</td>\n",
       "      <td>1.345434</td>\n",
       "      <td>-1.974302</td>\n",
       "    </tr>\n",
       "    <tr>\n",
       "      <th>2</th>\n",
       "      <td>16.849287</td>\n",
       "      <td>1.659588</td>\n",
       "      <td>14.108550</td>\n",
       "      <td>3.452627</td>\n",
       "      <td>-1.578958</td>\n",
       "    </tr>\n",
       "    <tr>\n",
       "      <th>3</th>\n",
       "      <td>16.858640</td>\n",
       "      <td>1.921994</td>\n",
       "      <td>11.578176</td>\n",
       "      <td>0.513963</td>\n",
       "      <td>-3.923025</td>\n",
       "    </tr>\n",
       "    <tr>\n",
       "      <th>4</th>\n",
       "      <td>16.975837</td>\n",
       "      <td>0.129289</td>\n",
       "      <td>12.652328</td>\n",
       "      <td>2.414978</td>\n",
       "      <td>-3.556815</td>\n",
       "    </tr>\n",
       "  </tbody>\n",
       "</table>\n",
       "</div>"
      ],
      "text/plain": [
       "           0         1          2         3         4\n",
       "0  15.841419  2.467545  10.923571 -0.672801 -4.653281\n",
       "1  17.917523  0.801290  14.141471  1.345434 -1.974302\n",
       "2  16.849287  1.659588  14.108550  3.452627 -1.578958\n",
       "3  16.858640  1.921994  11.578176  0.513963 -3.923025\n",
       "4  16.975837  0.129289  12.652328  2.414978 -3.556815"
      ]
     },
     "execution_count": 40,
     "metadata": {},
     "output_type": "execute_result"
    }
   ],
   "source": [
    "data_transformed.head()"
   ]
  },
  {
   "cell_type": "code",
   "execution_count": 41,
   "metadata": {},
   "outputs": [
    {
     "data": {
      "text/html": [
       "<div>\n",
       "<style scoped>\n",
       "    .dataframe tbody tr th:only-of-type {\n",
       "        vertical-align: middle;\n",
       "    }\n",
       "\n",
       "    .dataframe tbody tr th {\n",
       "        vertical-align: top;\n",
       "    }\n",
       "\n",
       "    .dataframe thead th {\n",
       "        text-align: right;\n",
       "    }\n",
       "</style>\n",
       "<table border=\"1\" class=\"dataframe\">\n",
       "  <thead>\n",
       "    <tr style=\"text-align: right;\">\n",
       "      <th></th>\n",
       "      <th>0</th>\n",
       "      <th>1</th>\n",
       "      <th>2</th>\n",
       "      <th>3</th>\n",
       "      <th>4</th>\n",
       "    </tr>\n",
       "  </thead>\n",
       "  <tbody>\n",
       "    <tr>\n",
       "      <th>0</th>\n",
       "      <td>-12.699961</td>\n",
       "      <td>1.499315</td>\n",
       "      <td>2.318128</td>\n",
       "      <td>-3.726261</td>\n",
       "      <td>1.626810</td>\n",
       "    </tr>\n",
       "    <tr>\n",
       "      <th>1</th>\n",
       "      <td>-10.623857</td>\n",
       "      <td>-0.166887</td>\n",
       "      <td>-0.899474</td>\n",
       "      <td>-1.704468</td>\n",
       "      <td>-1.059014</td>\n",
       "    </tr>\n",
       "    <tr>\n",
       "      <th>2</th>\n",
       "      <td>-11.692094</td>\n",
       "      <td>0.691415</td>\n",
       "      <td>-0.866797</td>\n",
       "      <td>0.401837</td>\n",
       "      <td>-1.451110</td>\n",
       "    </tr>\n",
       "    <tr>\n",
       "      <th>3</th>\n",
       "      <td>-11.682740</td>\n",
       "      <td>0.953879</td>\n",
       "      <td>1.664828</td>\n",
       "      <td>-2.534433</td>\n",
       "      <td>0.889530</td>\n",
       "    </tr>\n",
       "    <tr>\n",
       "      <th>4</th>\n",
       "      <td>-11.565543</td>\n",
       "      <td>-0.838907</td>\n",
       "      <td>0.590053</td>\n",
       "      <td>-0.639801</td>\n",
       "      <td>0.531291</td>\n",
       "    </tr>\n",
       "  </tbody>\n",
       "</table>\n",
       "</div>"
      ],
      "text/plain": [
       "           0         1         2         3         4\n",
       "0 -12.699961  1.499315  2.318128 -3.726261  1.626810\n",
       "1 -10.623857 -0.166887 -0.899474 -1.704468 -1.059014\n",
       "2 -11.692094  0.691415 -0.866797  0.401837 -1.451110\n",
       "3 -11.682740  0.953879  1.664828 -2.534433  0.889530\n",
       "4 -11.565543 -0.838907  0.590053 -0.639801  0.531291"
      ]
     },
     "execution_count": 41,
     "metadata": {},
     "output_type": "execute_result"
    }
   ],
   "source": [
    "data_transformed1.head()"
   ]
  },
  {
   "cell_type": "code",
   "execution_count": null,
   "metadata": {},
   "outputs": [],
   "source": [
    "Indexing,\n",
    "pivot,\n",
    "joins,\n",
    "date manipulations,\n",
    "subqueries \n",
    "constrains updates,\n",
    "data types changing"
   ]
  }
 ],
 "metadata": {
  "kernelspec": {
   "display_name": "Python 3",
   "language": "python",
   "name": "python3"
  },
  "language_info": {
   "codemirror_mode": {
    "name": "ipython",
    "version": 3
   },
   "file_extension": ".py",
   "mimetype": "text/x-python",
   "name": "python",
   "nbconvert_exporter": "python",
   "pygments_lexer": "ipython3",
   "version": "3.7.3"
  }
 },
 "nbformat": 4,
 "nbformat_minor": 2
}
